Date,Title,Source
2025-10-29T15:40:27Z,Jim Cramer Says Oracle Has “Ridden the AI Data Center Wave to Achieve Tremendous Gain”,Yahoo Entertainment
2025-10-29T14:35:57Z,"Oracle’s (ORCL) Mike Sicilia on AI Demand: ‘This Building is Sold Out, People Are Lined Up to Move In’",Biztoc.com
2025-10-29T14:24:16Z,"Oracle’s (ORCL) Mike Sicilia on AI Demand: ‘This Building is Sold Out, People Are Lined Up to Move In’",Yahoo Entertainment
2025-10-28T15:03:36Z,Monness Maintains Neutral Stance on Oracle (ORCL) Stock,Biztoc.com
2025-10-28T14:46:47Z,Monness Maintains Neutral Stance on Oracle (ORCL) Stock,Yahoo Entertainment
2025-10-28T13:11:54Z,Oracle Earnings Preview: What to Expect,Biztoc.com
2025-10-28T12:27:59Z,UBS Reiterates Buy on Oracle (ORCL) with $380 Target After AI World Event Insights,Biztoc.com
2025-10-28T12:14:08Z,UBS Reiterates Buy on Oracle (ORCL) with $380 Target After AI World Event Insights,Yahoo Entertainment
2025-10-27T19:40:23Z,CEO Clay Magouyrk Is Selling Oracle Stock. Should You?,Biztoc.com
2025-10-27T19:38:05Z,CEO Clay Magouyrk Is Selling Oracle Stock. Should You?,Barchart.com
2025-10-27T18:49:55Z,Analyst Bullish on Oracle Corp (ORCL) Despite AI Margin Concerns,Yahoo Entertainment
"Thu, 30 Oct 2025 21:04:33 GMT","Analyst Trims Oracle (ORCL) Stake, Says Cloud Margins ‘Significantly Less’ Than Peers - Yahoo Finance",Yahoo Finance
"Thu, 30 Oct 2025 23:37:12 GMT",Oracle (NYSE:ORCL) Stock Price Down 6.8% - Here's What Happened - MarketBeat,MarketBeat
"Fri, 31 Oct 2025 01:16:16 GMT",Oracle director Berg sells $13.9 million in ORCL stock - Investing.com,Investing.com
"Wed, 29 Oct 2025 14:54:00 GMT",$ORCL stock is down 3% today. Here's what we see in our data. - Quiver Quantitative,Quiver Quantitative
"Fri, 31 Oct 2025 04:52:53 GMT",What technical charts say about ORCL stock - 2025 Volume Leaders & Long-Term Capital Growth Ideas - newser.com,newser.com
"Thu, 30 Oct 2025 15:06:50 GMT",Oracle (ORCL) Stock Rockets 70% on AI Frenzy – Jim Cramer Warns “It’s the Only One I’m Worried About” - ts2.tech,ts2.tech
"Thu, 30 Oct 2025 08:56:08 GMT","Oracle (ORCL)’s “The Only One I’m Worried About,” Says Jim Cramer - Yahoo Finance",Yahoo Finance
"Thu, 30 Oct 2025 15:03:39 GMT",Oracle (NYSE:ORCL) Lowered to Strong Sell Rating by Citigroup - MarketBeat,MarketBeat
"Fri, 31 Oct 2025 01:01:00 GMT","Insider Sale: Director at $ORCL Sells 13,373 Shares - Quiver Quantitative",Quiver Quantitative
"Fri, 31 Oct 2025 05:17:01 GMT",Forecasting ORCL price range with options data - Dip Buying & Risk Controlled Stock Alerts - newser.com,newser.com
"Wed, 29 Oct 2025 21:45:05 GMT",Oracle (ORCL) Stock Moves -1.97%: What You Should Know - Yahoo Finance,Yahoo Finance
"Fri, 31 Oct 2025 03:07:38 GMT","Insider Selling: Oracle (NYSE:ORCL) Director Sells 49,365 Shares of Stock - MarketBeat",MarketBeat
"Fri, 31 Oct 2025 04:21:52 GMT",Real time social sentiment graph for ORCL - Insider Selling & Verified Entry Point Signals - newser.com,newser.com
"Wed, 29 Oct 2025 14:24:16 GMT","Oracle’s (ORCL) Mike Sicilia on AI Demand: ‘This Building is Sold Out, People Are Lined Up to Move In’ - Yahoo Finance",Yahoo Finance
"Thu, 30 Oct 2025 12:29:41 GMT","Buckhead Capital Management LLC Sells 13,660 Shares of Oracle Corporation $ORCL - MarketBeat",MarketBeat
"Mon, 27 Oct 2025 18:49:55 GMT",Analyst Bullish on Oracle Corp (ORCL) Despite AI Margin Concerns - Yahoo Finance,Yahoo Finance
"Fri, 31 Oct 2025 00:45:02 GMT","Oracle Stock ORCL Breaks Support as Insider Sales, Margin Woes Mount - FXLeaders",FXLeaders
"Thu, 30 Oct 2025 09:29:55 GMT",Oracle Corporation $ORCL Shares Sold by Jennison Associates LLC - MarketBeat,MarketBeat
"Thu, 30 Oct 2025 12:24:26 GMT","Ledyard National Bank Sells 66,102 Shares of Oracle Corporation $ORCL - MarketBeat",MarketBeat
"Thu, 30 Oct 2025 12:08:29 GMT",Oracle Corporation $ORCL Shares Sold by Strs Ohio - MarketBeat,MarketBeat
"Thu, 30 Oct 2025 11:16:19 GMT",Carret Asset Management LLC Grows Holdings in Oracle Corporation $ORCL - MarketBeat,MarketBeat
"Thu, 30 Oct 2025 11:28:17 GMT",Oracle Corporation $ORCL Shares Acquired by Spinnaker Trust - MarketBeat,MarketBeat
"Thu, 30 Oct 2025 11:40:26 GMT",Oracle Corporation $ORCL Shares Purchased by Amalgamated Bank - MarketBeat,MarketBeat
"Thu, 30 Oct 2025 11:28:19 GMT","Savvy Advisors Inc. Purchases 1,220 Shares of Oracle Corporation $ORCL - MarketBeat",MarketBeat
"Fri, 31 Oct 2025 04:43:29 GMT",How to use Fibonacci retracement on ORCL - July 2025 Drop Watch & Low Drawdown Trading Techniques - newser.com,newser.com
"Thu, 30 Oct 2025 11:10:18 GMT",Oracle Corporation $ORCL Shares Sold by Retirement Systems of Alabama - MarketBeat,MarketBeat
"Wed, 29 Oct 2025 19:22:00 GMT","Noteworthy Wednesday Option Activity: DUOL, ORCL, OFIX - Nasdaq",Nasdaq
"Thu, 30 Oct 2025 10:42:15 GMT",Keybank National Association OH Has $285.43 Million Stake in Oracle Corporation $ORCL - MarketBeat,MarketBeat
"Thu, 30 Oct 2025 10:30:08 GMT",Oracle Corporation $ORCL Shares Sold by Hantz Financial Services Inc. - MarketBeat,MarketBeat
"Thu, 30 Oct 2025 10:10:33 GMT","Bristlecone Advisors LLC Makes New $227,000 Investment in Oracle Corporation $ORCL - MarketBeat",MarketBeat
"Thu, 30 Oct 2025 09:43:58 GMT","WNY Asset Management LLC Makes New $258,000 Investment in Oracle Corporation $ORCL - MarketBeat",MarketBeat
"Thu, 30 Oct 2025 09:19:39 GMT","Oracle (ORCL)’s “The Only One I’m Worried About,” Says Jim Cramer - Insider Monkey",Insider Monkey
"Thu, 30 Oct 2025 08:57:12 GMT",Is this a good reentry point in ORCL - Earnings Risk Summary & Advanced Technical Analysis Signals - newser.com,newser.com
"Tue, 28 Oct 2025 20:26:37 GMT",Analyst Says Oracle (ORCL) ‘Classic Example’ of ‘Euphoria’ - MSN,MSN
"Thu, 30 Oct 2025 09:20:50 GMT","GWN Securities Inc. Sells 4,832 Shares of Oracle Corporation $ORCL - MarketBeat",MarketBeat
"Tue, 28 Oct 2025 15:06:43 GMT",Monness Maintains Neutral Stance on Oracle (ORCL) Stock - Insider Monkey,Insider Monkey
"Mon, 27 Oct 2025 11:09:31 GMT",Is Oracle’s AI Hot Streak Still Strong? Insiders Hit the Sell Button on Oracle Stock (ORCL) - TipRanks,TipRanks
"Thu, 30 Oct 2025 07:00:00 GMT",Oracle (NYSE:ORCL) Fuels Digital Momentum In S&P 500 Companies - Kalkine Media,Kalkine Media
"Tue, 28 Oct 2025 15:38:09 GMT",Oracle: I Can't Ignore The Loud Echoes Of Euphoria Now (ORCL) - Seeking Alpha,Seeking Alpha
"Thu, 30 Oct 2025 02:37:29 GMT",Chart overlay techniques for tracking ORCL - Gap Down & Stepwise Trade Signal Implementation - newser.com,newser.com
"Wed, 29 Oct 2025 08:40:53 GMT",How to use Fibonacci retracement on ORCL - Earnings Growth Report & Safe Capital Growth Tips - newser.com,newser.com
"Wed, 29 Oct 2025 11:18:00 GMT",World Investment Advisors Grows Stake in Oracle Corporation $ORCL - MarketBeat,MarketBeat
"Wed, 29 Oct 2025 11:34:03 GMT",Arkadios Wealth Advisors Boosts Stock Holdings in Oracle Corporation $ORCL - MarketBeat,MarketBeat
"Wed, 29 Oct 2025 21:46:54 GMT",Oracle (NYSE:ORCL) Shares Down 2% - What's Next? - MarketBeat,MarketBeat
"Wed, 29 Oct 2025 09:57:54 GMT","Fire Capital Management LLC Purchases 1,163 Shares of Oracle Corporation $ORCL - MarketBeat",MarketBeat
"Wed, 29 Oct 2025 11:17:58 GMT",Oracle Corporation $ORCL Shares Sold by Lathrop Investment Management Co. - MarketBeat,MarketBeat
"Wed, 29 Oct 2025 09:47:51 GMT","Mendel Money Management Takes $273,000 Position in Oracle Corporation $ORCL - MarketBeat",MarketBeat
"Wed, 29 Oct 2025 11:08:51 GMT",Daymark Wealth Partners LLC Increases Position in Oracle Corporation $ORCL - MarketBeat,MarketBeat
"Wed, 29 Oct 2025 09:19:48 GMT",Oracle Corporation $ORCL Shares Bought by Howard Capital Management Inc. - MarketBeat,MarketBeat
"Sun, 26 Oct 2025 14:02:00 GMT",Oracle Corporation Stock (ORCL) Opinions on AI and Cloud Revenue Growth - Quiver Quantitative,Quiver Quantitative
"Wed, 29 Oct 2025 09:35:45 GMT",Auto Owners Insurance Co Reduces Holdings in Oracle Corporation $ORCL - MarketBeat,MarketBeat
"Tue, 28 Oct 2025 14:00:00 GMT",Oracle (ORCL) announces Digital Assets Data Nexus for bank tokenization and governance - Stock Titan,Stock Titan
"Thu, 30 Oct 2025 09:18:24 GMT","Oracle (ORCL)’s “The Only One I’m Worried About,” Says Jim Cramer - MSN",MSN
"Thu, 30 Oct 2025 03:02:08 GMT",How to use Fibonacci retracement on ORCL - Trade Entry Report & Risk Managed Investment Strategies - newser.com,newser.com
"Wed, 29 Oct 2025 09:27:13 GMT",946 Shares in Oracle Corporation $ORCL Bought by James Investment Research Inc. - MarketBeat,MarketBeat
"Wed, 29 Oct 2025 10:33:58 GMT",Oracle Corporation $ORCL Shares Sold by Migdal Insurance & Financial Holdings Ltd. - MarketBeat,MarketBeat
"Wed, 29 Oct 2025 09:35:45 GMT","SwitchPoint Financial Planning LLC Takes $226,000 Position in Oracle Corporation $ORCL - MarketBeat",MarketBeat
"Thu, 30 Oct 2025 05:42:20 GMT",Is this a good reentry point in ORCL - July 2025 Sector Moves & Growth Focused Entry Reports - newser.com,newser.com
"Tue, 28 Oct 2025 10:21:30 GMT",Tevis Investment Management Boosts Stake in Oracle Corporation $ORCL - MarketBeat,MarketBeat
"Tue, 28 Oct 2025 07:53:30 GMT","Oracle's 500% Debt-To-Equity Ratio Signals Massive Borrowing, Warns JPMorgan: Debt Levels 'Much Higher' Than AI Peers - Oracle (NYSE:ORCL) - Benzinga",Benzinga
"Tue, 28 Oct 2025 12:18:36 GMT",UBS Reiterates Buy on Oracle (ORCL) with $380 Target After AI World Event Insights - Insider Monkey,Insider Monkey
"Tue, 28 Oct 2025 00:20:29 GMT",How to interpret RSI for ORCL stock - Forecast Cut & Advanced Technical Analysis Signals - newser.com,newser.com
"Tue, 28 Oct 2025 10:43:17 GMT",Oracle Corporation $ORCL Shares Bought by First National Trust Co - MarketBeat,MarketBeat
"Tue, 28 Oct 2025 11:04:13 GMT",Oracle Corporation $ORCL Shares Purchased by New York Life Investment Management LLC - MarketBeat,MarketBeat
"Tue, 28 Oct 2025 11:46:46 GMT",Pettee Investors Inc. Acquires New Position in Oracle Corporation $ORCL - MarketBeat,MarketBeat
"Tue, 28 Oct 2025 10:05:30 GMT","Logan Capital Management Inc. Sells 2,204 Shares of Oracle Corporation $ORCL - MarketBeat",MarketBeat
"Thu, 30 Oct 2025 05:36:27 GMT",Is ORCL stock recession proof - 2025 Price Momentum & Low Drawdown Investment Ideas - newser.com,newser.com
"Thu, 30 Oct 2025 05:29:47 GMT",What analyst consensus says on ORCL stock - Dollar Strength & AI Enhanced Trading Alerts - newser.com,newser.com
"Tue, 28 Oct 2025 09:22:25 GMT",AustralianSuper Pty Ltd Buys 983 Shares of Oracle Corporation $ORCL - MarketBeat,MarketBeat
"Tue, 28 Oct 2025 10:09:31 GMT","Petra Financial Advisors Inc. Takes $234,000 Position in Oracle Corporation $ORCL - MarketBeat",MarketBeat
"Tue, 28 Oct 2025 08:48:21 GMT",Oracle Corporation $ORCL Shares Sold by Ashton Thomas Private Wealth LLC - MarketBeat,MarketBeat
"Thu, 30 Oct 2025 05:12:21 GMT",Is ORCL stock recession proof - 2025 Institutional Moves & Accurate Trade Setup Notifications - newser.com,newser.com
"Tue, 28 Oct 2025 09:47:20 GMT",Oracle Corporation $ORCL Shares Acquired by Fjarde AP Fonden Fourth Swedish National Pension Fund - MarketBeat,MarketBeat
"Tue, 28 Oct 2025 04:47:19 GMT",Technical analysis overview for ORCL stock - Weekly Stock Recap & Growth Focused Entry Point Reports - newser.com,newser.com
"Thu, 30 Oct 2025 02:50:21 GMT",How ORCL stock reacts to oil prices - Analyst Upgrade & Weekly Hot Stock Watchlists - newser.com,newser.com
"Tue, 28 Oct 2025 10:38:28 GMT",How to read the order book for ORCL - New Guidance & Smart Investment Allocation Insights - newser.com,newser.com
"Tue, 28 Oct 2025 00:28:05 GMT",Chart overlay techniques for tracking ORCL - 2025 Key Lessons & Weekly High Potential Stock Alerts - newser.com,newser.com
"Mon, 27 Oct 2025 11:27:47 GMT",SYM FINANCIAL Corp Grows Position in Oracle Corporation $ORCL - MarketBeat,MarketBeat
"Tue, 28 Oct 2025 01:04:47 GMT",What technical charts say about ORCL stock - Quarterly Risk Review & AI Optimized Trading Strategy Guides - newser.com,newser.com
"Mon, 27 Oct 2025 10:10:25 GMT",Oracle Corporation $ORCL Shares Purchased by Banco Santander S.A. - MarketBeat,MarketBeat
"Thu, 30 Oct 2025 07:59:05 GMT",Signal strength of ORCL stock in tech scanners - Portfolio Value Summary & Expert Approved Momentum Ideas - newser.com,newser.com
"Tue, 28 Oct 2025 07:00:00 GMT",Oracle (NYSE:ORCL) Strengthens Tech Role in S&P 500 Futures - Kalkine Media,Kalkine Media
"Tue, 28 Oct 2025 14:37:54 GMT",Oracle (ORCL) Unveils New Platform for Blockchain-Based Digital Assets - GuruFocus,GuruFocus
"Thu, 30 Oct 2025 02:40:59 GMT",How to use Fibonacci retracement on ORCL - July 2025 Final Week & High Accuracy Trade Signal Alerts - newser.com,newser.com
"Mon, 27 Oct 2025 11:14:21 GMT","Shilanski & Associates Inc. Takes $301,000 Position in Oracle Corporation $ORCL - MarketBeat",MarketBeat
"Mon, 27 Oct 2025 10:30:11 GMT",Bessemer Group Inc. Grows Position in Oracle Corporation $ORCL - MarketBeat,MarketBeat
"Mon, 27 Oct 2025 07:04:36 GMT",Technical analysis overview for ORCL stock - 2025 Big Picture & Fast Gain Swing Alerts - newser.com,newser.com
"Wed, 29 Oct 2025 10:23:53 GMT",Will ORCL stock extend growth story - Gold Moves & Breakout Confirmation Trade Signals - newser.com,newser.com
"Thu, 30 Oct 2025 02:16:59 GMT",What analyst consensus says on ORCL stock - 2025 Institutional Moves & Weekly Watchlist for Consistent Profits - newser.com,newser.com
"Mon, 27 Oct 2025 11:02:09 GMT",Wealth Watch Advisors INC Acquires New Holdings in Oracle Corporation $ORCL - MarketBeat,MarketBeat
"Mon, 27 Oct 2025 09:17:15 GMT",New Hampshire Trust Makes New Investment in Oracle Corporation $ORCL - MarketBeat,MarketBeat
"Wed, 29 Oct 2025 07:54:16 GMT",Using data models to predict ORCL stock movement - Quarterly Profit Review & Community Driven Trade Alerts - newser.com,newser.com
2025-10-30T09:56:08,"Oracle (ORCL)’s “The Only One I’m Worried About,” Says Jim Cramer",Yahoo
2025-10-29T22:45:05,Oracle (ORCL) Stock Moves -1.97%: What You Should Know,Yahoo
2025-10-29T16:40:27,Jim Cramer Says Oracle Has “Ridden the AI Data Center Wave to Achieve Tremendous Gain”,Yahoo
2025-10-29T15:24:16,"Oracle’s (ORCL) Mike Sicilia on AI Demand: ‘This Building is Sold Out, People Are Lined Up to Move In’",Yahoo
2025-10-28T13:14:08,UBS Reiterates Buy on Oracle (ORCL) with $380 Target After AI World Event Insights,Yahoo
2025-10-28T12:38:09,Oracle: I Can't Ignore The Loud Echoes Of Euphoria Now,SeekingAlpha
2025-10-28T11:46:06,Oracle Reaches Hyperscaler Heights With $300 Billion Bet On AI: Analyst,Yahoo
2025-10-28T04:08:34,Is CPI FIM (BDL:ORCL) Still Undervalued After Recent Positive Momentum?,Yahoo
2025-10-27T20:38:05,CEO Clay Magouyrk Is Selling Oracle Stock. Should You?,Yahoo
2025-10-27T19:49:55,Analyst Bullish on Oracle Corp (ORCL) Despite AI Margin Concerns,Yahoo
